0,273
0,270
3,2
3,1
3,3
10,235
10,146
10,189
10,213
10,156
10,208
10,132
10,1
10,120
10,2
10,3
11,25
11,10
11,9
11,22
11,11
11,1
11,17
11,2
11,3
9,7
9,4
9,1
9,6
9,2
9,3
8,4
8,6
8,17
8,16
8,1
8,11
8,2
8,3
12,2
12,1
12,3
20,2
20,1
20,3
19,2
19,1
19,3
18,1
18,3
14,1
14,3
13,1
13,3
107,5
107,4
107,3
107,2
107,1
107,0
104,5
104,4
104,3
104,2
104,1
104,0
101,3
101,2
101,1
101,0
100,4
100,3
100,2
100,1
100,0
99,4
2,2
99,3
2,1
99,2
99,1
2,3
99,0
98,4
98,3
98,2
98,1
98,0
97,3
97,2
97,1
97,0
0,0
109,34
109,33
109,32
109,31
109,30
109,29
109,28
109,27
109,26
109,25
109,24
109,23
109,22
